1234
katherine <- 123